69
27
52
94
70
45
4
87
80
38
75
18
31
46
70
100
94
73
95
37
81
27
68
83
8
98
14
15
4
91
1
29
96
100
23
72
16
32
91
59
11
96
88
43
39
28
90
82
25
30
48
15
68
40
30
31
36
46
7
44
99
43
58
77
71
59
28
14
22
90
37
20
45
52
99
95
95
89
32
98
67
78
10
9
57
44
82
56
1
38
49
12
47
87
50
80
19
69
36
49
28
96
94
90
5
71
23
41
51
93
98
26
3
29
46
13
84
54
64
90
15
42
9
72
11
74
43
26
82
56
26
87
68
74
68
40
23
38
48
41
69
47
3
9
97
75
69
47
49
69
43
14
23
63
78
56
6
29
3
100
75
23
85
95
43
56
94
64
24
62
68
7
35
44
78
4
12
66
4
100
58
95
47
81
62
93
70
2
69
50
59
96
73
92
47
96
29
60
33
66
51
93
51
85
86
22
99
50
64
17
81
87
84
93
25
75
39
3
51
90
53
42
94
52
25
76
44
99
94
4
94
78
1
77
21
61
69
59
36
71
93
33
56
45
57
45
30
86
34
55
84
17
47
59
62
7
85
66
90
43
59
35
76
100
93
24
73
90
25
87
36
94
57
73
49
37
79
54
27
17
29
36
3
90
21
91
27
88
75
54
84
76
67
90
44
67
64
14
9
58
98
25
21
99
64
20
22
95
61
61
31
8
67
20
19
43
96
59
27
20
71
70
44
56
87
78
26
41
79
12
2
61
61
54
19
91
9
95
63
86
88
95
61
94
25
56
39
84
41
46
68
62
11
56
59
77
41
90
30
24
79
28
80
10
81
97
16
96
59
82
9
91
5
41
28
82
22
77
17
62
90
47
36
64
35
52
75
16
53
29
96
3
44
79
42
66
98
39
34
83
42
85
89
28
36
36
42
54
48
39
29
63
88
46
39
51
42
20
96
11
30
71
65
13
89
98
93
95
30
65
33
15
72
7
92
82
18
91
49
97
19
81
74
29
64
21
71
40
76
81
19
63
56
49
74
29
75
51
4
51
11
26
39
17
3
56
61
72
67
36
84
54
56
9
96
1
21
66
3
66
38
89
88
57
24
57
80
85
56
91
6
80
46
26
97
76
93
77
10
40
65
90
62
6
86
14
36
90
59
48
100
46
23
18
75
17
86
88
6
8
44
28
96
55
91
36
52
62
11
3
71
61
76
59
83
74
78
2
6
70
19
81
59
67
77
80
85
79
28
91
13
94
100
29
74
30
66
39
44
77
52
39
57
81
85
55
67
46
91
58
90
95
55
30
75
88
83
73
90
93
72
52
95
90
53
44
11
25
81
88
45
25
93
64
61
83
58
41
13
33
58
32
64
51
27
35
31
82
77
43
82
45
3
6
3
14
40
52
30
28
100
1
4
11
59
66
69
74
35
6
84
48
88
52
52
14
20
67
16
94
75
79
55
13
18
67
89
98
75
38
23
31
18
69
32
65
25
91
10
94
42
55
14
7
96
58
97
55
92
3
59
23
43
32
11
38
6
88
78
51
38
87
83
87
72
4
99
86
41
27
17
60
29
34
45
59
57
64
61
53
43
27
3
36
75
53
92
27
46
45
67
51
93
16
73
86
74
96
63
14
76
9
29
24
36
75
84
41
86
46
50
39
8
59
88
98
7
68
33
76
34
42
45
62
32
13
6
70
63
7
26
31
91
48
99
67
78
65
87
54
42
53
64
69
81
6
71
38
53
63
46
24
36
49
38
73
39
18
62
56
96
85
10
83
42
87
49
3
65
45
70
68
58
42
74
15
55
40
62
28
65
7
25
26
60
56
83
68
85
22
24
1
48
100
56
23
98
81
27
27
32
26
39
51
95
39
15
86
96
98
95
97
17
92
77
53
65
60
23
13
40
85
40
78
49
13
60
87
94
2
12
69
12
40
56
22
21
29
19
73
37
12
11
64
20
2
76
19
77
70
32
75
20
91
11
85
38
65
18
93
98
69
21
89
19
8
15
30
16
63
58
14
97
59
82
97
52
6
48
31
50
42
54
59
52
20
100
77
51
88
7
57
14
3
62
86
62
37
57
56
100
97
22
92
26
38
44
1
24
73
72
65
37
37
84
80
65
46
74
21
23
49
90
47
5
9
97
36
87
39
2
45
90
55
20
56
78
73
66
24
61
18
17
65
90
7
57
50
7
61
63
80
22
10
40
52
38
78
36
59
38
77
8
56
77
11
100
59
2
40
39
96
15
68
91
71
91
96
74
96
